**** ExpectiMax Stats ****
      MovesLeft            Hit           Miss      Hit/Miss%     Collisions     Coll/Miss%      Time/Miss
              0              0              0              0              0              0              0
              1     1054486887     1364818741             77      392336520             28            654
              2      170980202      187121660             91        9372467              5           6399
              3       13354557       20867615             63         117322              0          59415
              4           1391        2022371              0            621              0         615375
----------------------------------------

faster RNG, better seed:
**** ExpectiMax Stats ****
      MovesLeft            Hit           Miss      Hit/Miss%     Collisions     Coll/Miss%      Time/Miss
              0              0              0              0              0              0              0
              1     1035110086     1336275983             77      385904766             28            644
              2      168256325      183038564             91        9210856              5           6321
              3       13115501       20358014             64         114962              0          58838
              4           1328        1966406              0            630              0         611304
----------------------------------------

biased Monte Carlo:
**** ExpectiMax Stats ****
      MovesLeft            Hit           Miss      Hit/Miss%     Collisions     Coll/Miss%      Time/Miss
              0              0              0              0              0              0              0
              1      889009740      831957661            106      166047277             19            647
              2      165579674      133879063            123        5132254              3           5512
              3       14612254       17511103             83          91556              0          44000
              4           1385        1880491              0            550              0         411792
----------------------------------------

sampled Monte Carlo:
**** ExpectiMax Stats ****
      MovesLeft            Hit           Miss      Hit/Miss%     Collisions     Coll/Miss%      Time/Miss
              0              0              0              0              0              0              0
              1     1460614531     1002395443            145      217907778             21           1078
              2      177682442      148289974            119        5614552              3           9021
              3       15266167       19422537             78          99745              0          70730
              4           1330        2105724              0            635              0         654421
----------------------------------------
Done.
